322453 90.000
322454 88.000
322455 84.000
322456 80.000
322457 76.000
322458 72.000
322459 68.000
322460 64.000
322461 60.000
322462 56.000
322463 52.000
322464 48.000
322465 44.000
322466 40.000
322467 36.000
322468 32.000
322469 28.000
322470 24.000
322471 20.000
322472 16.000
322473 12.000
322474 8.000
322475 4.000
322476 0.000
322477 -4.000
322478 -8.000
322479 -12.000
322480 -16.000
322481 -20.000
322482 -24.000
322483 -28.000
322484 -32.000
322485 -36.000
322486 -40.000
322487 -44.000
322488 -48.000
322489 -52.000
322490 -56.000
322491 -60.000
322492 -64.000
322493 -68.000
322494 -72.000
322495 -76.000
322496 -80.000
322497 -84.000
322498 -88.000
